






dim81_auc = [13.28571429	99.85714286	80	94.41176471	53.66666667	48.56516291;%mNew1-7
             97.1547619	87.4375	82	93.94117647	52	56.1679198;
             99.07142857	92.9375	79.25	94.88235294	55.66666667	48.09022556;
             80.97619048	78.76785714	81	86.17647059	62.33333333	33.61528822;
             100	99.71428571	81	94.35294118	53.33333333	56.63909774;
             93.77380952	88.5	82.75	85.82352941	61	33.71177945;
             98.97619048	89.875	81	94.11764706	53	56.5764411;
             98.9047619	94.58928571	49.25	83.58823529	43	72.98245614;%DLPP/MMC
             99.52380952	98.39285714	84.25	94.41176471	51.33333333	53.0877193;%MMC
             89.6547619	86.77678571	48.25	83.58823529	42	54.05137845;%rNew1-7
             89.85714286	85.78571429	56.25	76.41176471	21.33333333	73.71553885;
             95.83333333	53.13392857	49	81.17647059	44.33333333	65.60776942;
             95.58333333	93.91964286	48.75	81.17647059	43.66666667	64.94486216;
             95.6547619	93.92857143	56.25	76.23529412	21.33333333	73.79072682;
             96.55952381	71.66964286	49.5	83.41176471	41.66666667	54.14912281;
             96.73809524	63.28571429	56.5	77.17647059	21	73.75313283;
             96.10714286	73.08035714	49	83.11764706	43	58.20300752;%DLPP
             83.89285714	62.4375	56.25	76.35294118	21.66666667	73.85338346];%LDA
         
dim144_auc = [21.54761905	99.92857143	85.25	96.29411765	57	55.85714286;
              96.92857143	89.33035714	85.25	95.82352941	53.66666667	64.76315789;
              99.25	93.08928571	84.5	95.35294118	55.33333333	57.14285714;
              87.05952381	86.66071429	83.5	90.94117647	64	41.35463659;             
              99.80952381	99.9375	85	95.23529412	51.66666667	65.22055138;
              94.47619048	90.39285714	83	91.52941176	63.66666667	42.00877193;
              99.25	93.16964286	85.25	95.29411765	53.66666667	64.55889724;
              97.35714286	89.51785714	60	86.88235294	50.66666667	74.60526316;
              99.16666667	99.08035714	87.5	95.29411765	57.66666667	59.21428571;
              93.19047619	90.88392857	61.5	86.52941176	49.66666667	54.97493734;
              94.0952381	89.86607143	72.25	76	25.33333333	75.1566416;
              94.80952381	68.83035714	60.25	87	52.33333333	69.42982456;
              98.27380952	97.80357143	60.75	86.35294118	48	69.40225564;
              97.96428571	97.44642857	73.5	76.58823529	22	75.11278195;
              95.78571429	74.04464286	62	87.17647059	50.66666667	54.80200501;
              95.54761905	65.00892857	72	76.64705882	24.33333333	75.29448622;
              95.47619048	67.80357143	60.5	86.41176471	50	57.05889724
              88.03571429	65.53571429	72.5	76.05882353	25	75.46365915];
          
 dim256_auc = [21.17857143	100	86.25	95.76470588	54.33333333	66.7406015;
               96.70238095	91.125	88	96.23529412	55.33333333	70.40726817;
               98.71428571	92.91071429	86.5	96.29411765	52.66666667	67.26065163;
               91.39285714	89.83928571	87.5	93	66	50.69298246;
               99.80952381	100	88	96.94117647	53	71.06015038;
               93.30952381	91.49107143	87	93.41176471	64.33333333	49.96115288;
               98.58333333	93.04464286	88.25	96.35294118	52	70.72681704;
               96.70238095	91.21428571	74	90.41176471	49.66666667	75.70802005;
               99.52380952	99.25892857	89.25	96.41176471	55.33333333	67.99498747;
               95.25	93.64285714	73.75	90.11764706	53	62.38345865;
               95.69047619	94.57142857	81.75	78.52941176	24	82.00501253;
               94.52380952	67.22321429	73.75	90.52941176	53	70.01378446;
               99.27380952	97.70535714	73.5	90.88235294	53.66666667	69.80952381;
               98.69047619	98.48214286	81	78.58823529	21.66666667	82.13032581;
               95.19047619	76.20535714	73.75	90.58823529	52.66666667	62.46616541;
               94.54761905	66.03571429	81.75	78.70588235	24.66666667	82.07142857;
               93.41666667	74.09821429	74.25	91.11764706	50.66666667	54.11779449;
               90.23809524	66.08035714	81.5	78.29411765	23.66666667	81.86716792];
           
 dim576_auc = [21.58333333	99.71428571	87.25	96.70588235	57.33333333	76.23809524;
               95.10714286	93.97321429	91.25	96.82352941	55.33333333	80.48370927;
               96.17857143	95.38392857	87.75	97	57	76.71177945;
               94.55952381	94.49107143	89	95.35294118	62.33333333	63.00626566;
               99.71428571	99.79464286	90.25	97.23529412	56	80.58646617;
               95.47619048	95.21428571	89.25	95.47058824	64.33333333	63.47117794;
               96.08333333	95.23214286	90.75	96.94117647	53.66666667	80.40726817;
               95.6547619	94.63392857	87.5	95.58823529	62	74.12656642;
               99.27380952	98.3125	89	96.11764706	54	78.20802005;
               98.05952381	96.125	86.75	94.76470588	62	59.09774436;
               98.79761905	96.41964286	80.25	92.05882353	49	73.8320802;
               96.14285714	76.92857143	87.25	94.64705882	63	61.77694236;
               98.86904762	97.83035714	86.25	94.35294118	60.66666667	62.3433584;
               99.72619048	99.17857143	80	92	48	74.12406015;
               94.95238095	77.42857143	87.5	95.35294118	63.33333333	59.14160401;
               95.21428571	68	80.25	91.76470588	49.33333333	74.5;
               94.94047619	82.02678571	86.25	94.88235294	62	62.09273183;
               99.0952381	96.86607143	80.5	92.05882353	50.33333333	73.75438596];
           
  dim81_acc = [12.48767529	99.85612979	79.5128045	94.37908723	50.94526239	48.32220693;
               97.12880161	87.35067035	81.56152405	93.90574721	49.18527104	55.94599395;
               99.06286488	92.88879268	78.74453467	94.85242725	53.08899649	47.86497471;
               80.8016237	78.62070296	80.53716427	86.09563683	60.12896192	33.34074475;
               100	99.71225958	80.53716427	94.31991973	50.60120024	56.44803354;
               93.71634888	88.42064999	82.32979388	85.74063181	58.65351183	33.36172019;
               98.96672847	89.80507047	80.53716427	94.08324971	50.2174575	56.36895494;
               97.1643657	88.42969693	48.01374141	83.4922667	39.61782876	72.83529106;
               99.51931798	98.38168032	83.86633354	94.37908723	48.45746614	52.8936882;
               89.55981313	86.68516052	46.98938164	83.4922667	38.54596171	53.8267188;
               89.7642004	85.68755638	55.18425984	76.27383136	16.67842024	73.52419628;
               95.7950064	52.80989136	47.75765147	81.06639909	41.07343856	65.41086954;
               95.54294057	93.87779028	47.50156152	81.06639909	40.32579337	64.75665065;
               95.61484805	93.88639683	55.18425984	76.09632885	16.69826054	73.63970491;
               96.52775425	71.47330789	48.26983136	83.3147642	38.24158015	53.98145358;
               96.7079126	63.03152131	55.44034978	77.04300889	16.33435809	73.60161211;
               96.07130115	72.89391612	47.75765147	83.01892668	39.65750936	58.00371844;
               83.74472957	62.17778737	55.18425984	76.21466385	17.06216299	73.70077016];
