





D49 = [
%1 DLPPMMC_a0.01	2 DLPPMMC_a0.1	3 DLPPMMC_a1	4 DLPPMMC_a10	5 DLPPMMC_a100	6 DLPPMMC_a1000
99.44047619	99.61904762	99.08333333	98.51190476	96.79761905	96.52380952; %COIL100
83.99107143	84.04464286	94.16964286	87.625	86.63392857	86.78571429;%COIL20
46	45.5	47.5	45.25	45.25	46;%ORL
80.41176471	80.05882353	79.70588235	80	80.11764706	79.52941176;%PIE
36.66666667	36	34	36.66666667	36.33333333	36;%Yale
67.84210526	67.62531328	68.05137845	67.77568922	67.33834586	66.89348371;%YaleB					
%7 MMC_a0.01	8 MMC_a0.1	9 MMC_a1	10 MMC_a10	11 MMC_a100	12 MMC_a1000
97.1547619	98.88095238	99.26190476	98.60714286	98.98809524	98.42857143;
98.16071429	98.39285714	97.625	98.53571429	98.16071429	98.33035714;
81.25	79.75	79.25	75.25	71.75	75.5;
93.41176471	93.41176471	91.58823529	93.52941176	91.58823529	90.70588235;
60	55.66666667	50	53.66666667	50.66666667	51.66666667;
46.65538847	41.71929825	46.21428571	54.61904762	42.05889724	40.52130326;					
%13 mNew1_a0.01	14 mNew1_a0.1	15 mNew1_a1	16 mNew1_a10	17 mNew1_a100	18 mNew1_a1000
71.54761905	72.21428571	71.80952381	73.20238095	72.47619048	73.30952381;
85.09821429	85.57142857	61.36607143	61.29464286	85.49107143	85.34821429;
76.25	76.75	76.5	76.5	76.25	76;
81.17647059	80.70588235	80.11764706	79.76470588	80.88235294	80.58823529;
60.33333333	57.66666667	60	59	59	59.66666667;
26.38972431	25.61528822	26.18922306	26.0952381	25.81578947	26.28947368;				
%19 mNew2_a0.01	20 mNew2_a0.1	21 mNew2_a1	22 mNew2_a10	23 mNew2_a100	24 mNew2_a1000
71.72619048	97.25	97.5	97.04761905	97.03571429	97.07142857;
85.88392857	85.46428571	84.97321429	85.24107143	85.50892857	85.51785714;
81.25	81	79.25	76.5	72.75	75.75;
93.05882353	93.64705882	92.17647059	93.23529412	92.35294118	90.82352941;
58.33333333	54.33333333	51	52	52	49.66666667;
46.9160401	41.35839599	45.44736842	54.1679198	42.17042607	40.92606516;					
%25 mNew3_a0.01	26 mNew3_a0.1	27 mNew3_a1	28 mNew3_a10	29 mNew3_a100	30 mNew3_a1000
99.82142857	99.64285714	99.10714286	98.78571429	97.41666667	96.80952381;
84.30357143	84.86607143	87.13392857	86.84821429	85.08928571	85.21428571;
74	75	78.25	78.25	77.5	79.5;
92.88235294	93.47058824	93.35294118	94	92.52941176	92.64705882;
50.66666667	53.33333333	53.33333333	55.66666667	48.33333333	52.66666667;
49.95112782	43.43859649	39.61654135	52.10401003	49.88471178	45.60776942;				
%31 mNew4_a0.01	32 mNew4_a0.1	33 mNew4_a1	34 mNew4_a10	35 mNew4_a100	36 mNew4_a1000
17.8452381	11.85714286	99.9047619	99.9047619	99.9047619	99.82142857;
10.89285714	99.92857143	99.92857143	99.86607143	99.73214286	99.78571429;
73.75	75	78	79.25	77	79.75;
92.58823529	93.11764706	92.94117647	93.76470588	91.58823529	93.47058824;
52.33333333	51	52.66666667	53.66666667	47.33333333	50;
50.44987469	42.20426065	38.74561404	52.23182957	49.21804511	45.44862155;					
%37 mNew5_a0.01	38 mNew5_a0.1	39 mNew5_a1	40 mNew5_a10	41 mNew5_a100	42 mNew5_a1000
11.35714286	17.63095238	9.630952381	99.80952381	99.33333333	99.83333333;
99.71428571	99.92857143	99.80357143	100	99.86607143	99.79464286;
81.25	80	79.75	76.5	72.5	74.75;
93.35294118	93.35294118	91.47058824	94.23529412	91.76470588	91.05882353;
58.33333333	55	52.66666667	53	53	49;
47.05137845	42.19423559	46.06892231	53.9122807	42.29824561	40.47869674;					
%43 mNew6_a0.01	44 mNew6_a0.1	45 mNew6_a1	46 mNew6_a10	47 mNew6_a100	48 mNew6_a1000
99.71428571	99.05952381	94.94047619	81.86904762	73.10714286	73.64285714;
84	84.79464286	91.59821429	62.9375	60.17857143	59.95535714;
76.25	76	77	76.5	76.5	75.75;
80.05882353	79.70588235	80.35294118	80.76470588	80	80.35294118;
58	60.33333333	60.66666667	58.66666667	59.33333333	59.66666667;
25.89473684	26.51879699	26.4924812	25.63533835	26.07393484	26.03383459;					
%49 mNew7_a0.01	50 mNew7_a0.1	51 mNew7_a1	52 mNew7_a10	53 mNew7_a100	54 mNew7_a1000
99.63095238	99.52380952	98.83333333	98.78571429	97.36904762	97.05952381;
84.41964286	85.0625	87.9375	87.14285714	84.73214286	85.38392857;
81.25	79.75	79	76.25	71.25	75.25;
93.05882353	93.11764706	91.52941176	93.70588235	92.64705882	91.47058824;
59.33333333	52.33333333	48.66666667	49.33333333	53.66666667	51.66666667;
46.7556391	41.60150376	45.8283208	54.52506266	41.76942356	39.96115288;]



D64 = [ 
99.44047619	99.63095238	99	98.97619048	97.29761905	97.03571429;
85.30357143	84.90178571	94.125	88.4375	86.91964286	87.24107143;
43.25	42.25	43.5	43.5	41.75	42.75;
81.35294118	81.41176471	82.11764706	81.70588235	81.47058824	81.23529412;
42.66666667	41.66666667	42.33333333	42.33333333	43	43.33333333;
70.96867168	70.72681704	71.41729323	71.44110276	71.26566416	71.42606516;
									
96.94047619	98.80952381	99.36904762	98.70238095	99.36904762	99.04761905;
98.44642857	99.04464286	98.21428571	99.14285714	98.41071429	98.16964286;
84.75	82.25	83.25	77.25	75.75	78.5;
94.47058824	94.35294118	93.35294118	94.52941176	93.41176471	93.52941176;
61	52.33333333	46.66666667	56.33333333	54.33333333	52.33333333;
50.57769424	47.84962406	49.74310777	56.74686717	47.30701754	44.72681704;
					
					
76.80952381	76.35714286	76.92857143	76.5952381	77.23809524	77.27380952;
86.34821429	86.33928571	72.64285714	72.24107143	86.4375	86.10714286;
80.25	80.75	80.75	80.75	80.5	80.25;
85.11764706	85.11764706	84.47058824	83.82352941	84.94117647	84.70588235;
65.33333333	62	63.33333333	64	64	62.66666667;
30.30200501	30.60651629	30.20175439	30.56265664	30.76566416	30.17794486;
									
76.94047619	96.76190476	96.5952381	96.61904762	96.8452381	96.67857143;
86.49107143	86.78571429	86.45535714	86.20535714	86.29464286	86.1875;
84.5	82.5	83.75	77.5	75.5	77.75;
94.41176471	94.47058824	93.76470588	94.35294118	92.70588235	92;
59.33333333	51	46.66666667	54.66666667	58	53.66666667;
50.63909774	47.85338346	49.5877193	57.24185464	47.52005013	43.87719298;
									
99.45238095	99.63095238	98.98809524	98.95238095	96.83333333	96.92857143;
84.50892857	84.33035714	86.11607143	87.49107143	86.86607143	86.5625;
78.75	79.25	77.25	80.25	79	82;
94.17647059	94.05882353	93.64705882	94.35294118	93.05882353	93.52941176;
51.66666667	51.33333333	55.66666667	54.33333333	50	55.66666667;
53.76942356	45.13408521	44.46992481	54.90977444	53.62907268	49.44611529;
									
17.22619048	16.77380952	99.55952381	99.53571429	99.80952381	99.80952381;
10.84821429	100	99.92857143	99.92857143	99.85714286	99.9375;
78.75	79.5	79	80.75	78.75	80.5;
93.35294118	94	94.17647059	94.82352941	93.29411765	93.76470588;
51.66666667	50	55	57.66666667	50.66666667	58;
53.55012531	45.73182957	44.63533835	54.46616541	52.49749373	49.67919799;
									
10.79761905	17.58333333	18.25	100	99.91666667	99.73809524;
99.79464286	99.92857143	99.92857143	99.72321429	99.71428571	99.78571429;
83.5	81	83.25	78.75	76.5	77.75;
94.64705882	94.29411765	93.05882353	94	93	93;
61.66666667	52	48.66666667	55.66666667	54.66666667	52.66666667;
50.47368421	47.48621554	49.57518797	56.64786967	47.04636591	44.86716792;
									
99.72619048	99.3452381	95.11904762	85.0952381	77.9047619	77.72619048;
84.66071429	84.33035714	91.07142857	74.35714286	72.54464286	71.8125;
79.5	80.5	80.5	80.25	80.5	81;
84.41176471	84.94117647	82.94117647	84.41176471	83	83.88235294;
64.66666667	62.66666667	64.33333333	62.33333333	60.33333333	62.66666667;
30.49373434	31.0914787	30.27192982	30.23308271	30.57769424	29.9962406;
									
99.44047619	99.61904762	98.82142857	99.25	97.28571429	96.5;
84.625	84.375	86.54464286	87.375	86.50892857	86.20535714;
83.5	82.75	83	78.5	77.75	78.25;
93.47058824	95.05882353	94.17647059	94.17647059	93.35294118	92.35294118;
59.66666667	51.66666667	47.66666667	57.66666667	54.33333333	54;
50.96992481	46.62406015	50.47994987	57.75438596	47.39849624	44.3358396;]



