

%sCOIL100
data1 = [98.78571429	98.80952381	96.9047619	96.55952381	96.28571429	96.46428571;%49
99.25	98.88095238	98.60714286	98.63095238	98.3452381	98.58333333;
99.41666667	99.91666667	99.9047619	99.91666667	99.9047619	99.9047619;					
98.96428571	99.0952381	97.38095238	96.86904762	97	97.02380952;%64
99.36904762	99.07142857	99.16666667	98.4047619	98.46428571	99.36904762;
99.01190476	99.61904762	99.9047619	99.80952381	99.80952381	100;					
98.9047619	98.69047619	97.30952381	97.11904762	97.11904762	96.97619048;%81
99.55952381	99.17857143	99.46428571	98.96428571	98.89285714	99.44047619;
99.91666667	100	99.71428571	99.91666667	99.82142857	99.9047619;					
98.89285714	98.79761905	96.98809524	96.8452381	97.20238095	97.17857143;%100
99.36904762	99.42857143	99.53571429	98.76190476	99.27380952	99.1547619;
99.9047619	99.80952381	99.73809524	99.9047619	100	99.73809524];
%Coil20
data2 = [94.24107143	87.41071429	86.66071429	86.61607143	86.66964286	86.27678571;
97.73214286	98.66964286	98.32142857	98.00892857	98.45535714	98.32142857;
99.92857143	99.92857143	99.92857143	99.71428571	99.78571429	99.78571429;				

94.15178571	88.45535714	86.83928571	87.32142857	86.84821429	87.41071429;
97.83035714	98.61607143	98.47321429	97.91071429	98.6875	98.61607143;
99.78571429	100	99.86607143	99.66964286	99.86607143	99.71428571;					

94.58928571	89.08928571	88.30357143	88.63392857	88.0625	88.28571429;
98.61607143	98.72321429	98.61607143	98.125	99.08035714	99.16964286;										
99.92857143 99.92857143 99.78571429 99.79464286 99.85714286 99.86607143;
94.48214286	90.17857143	88.85714286	89.16071429	89.05357143	89;
98.61607143	98.61607143	98.89285714	98.29464286	99.1875	99.17857143;
99.72321429 99.85714286	99.92857143 99.9375	99.92857143	99.79464286];
%ORL
data3 = [45.5	45.75	45.25	45.5	46	46.25;
79.75	76.25	72.25	74.5	74.5	79.75;
78.75	76.25	72.25	74.75	75	79.25;					
42.5	41.75	43.25	41.5	44.25	43.5;
83.5	77.75	77	79	78	82.75;
82.75	78.5	76.5	77.5	77.5	83.5;					
50	49.5	49.25	48.25	49.25	49;
84.5	79.5	80.75	80.5	79.75	84.25;
84.75	79.25	80.75	80.75	81	84.5;										
52	51.75	51.5	52.25	51.5	52.5;
85.75	81.75	81.5	83.5	83	85;
86.5	82	82.25	82.5	81.75	84.5];
%sPIE
data4 = [83.11764706	83	82.76470588	84	83.52941176	82.70588235;
94.35294118	94.58823529	93.94117647	93.82352941	94.58823529	94.58823529;
92.41176471	93.58823529	91.70588235	91.29411765	93.64705882	91.94117647;				
82.41176471	81.23529412	81.41176471	82.47058824	80.94117647	81.41176471;
93.52941176	94.11764706	93	93.23529412	94.82352941	93.11764706;
93.17647059	94.70588235	93	93.11764706	94.88235294	93.29411765;				
79.29411765	79.70588235	79.94117647	80.35294118	79.52941176	79.70588235;
91.58823529	94	92.29411765	91.35294118	93.64705882	92.17647059;
94.11764706	95.41176471	94.05882353	93.94117647	94.70588235	94.23529412	;					
85.58823529	85.29411765	85.29411765	84.76470588	84.88235294	85;
94.70588235	95.52941176	93.11764706	94.64705882	95.29411765	94.11764706;
94.94117647	95.52941176	93.64705882	94.11764706	95.64705882	94.52941176];
%Yale
data5 = [36.33333333	34.66666667	37	35	35.33333333	37;
50.33333333	52.33333333	51	51.33333333	49.33333333	49.66666667;
50.33333333	51.66666667	52.33333333	50.33333333	49.33333333	48.66666667;				
41	42.66666667	42	41	41	41.33333333;
48.66666667	56.33333333	54.66666667	53.33333333	53.66666667	49;
50.33333333	55.66666667	56.33333333	54.33333333	56.33333333	50.33333333;					
43	43	41.66666667	42.33333333	39.33333333	39.66666667;
53	56.33333333	53	53.33333333	55	49;
52.33333333	55	57.33333333	55.33333333	55.33333333	51.66666667;				
43.66666667	45	42.66666667	41.66666667	44.66666667	41;
57	56.66666667	53.66666667	57.33333333	57	54.66666667;
55.33333333	56.66666667	58.66666667	57	53.66666667	54.33333333];
%YaleB
data6 = [67.3320802	67.30576441	67.50626566	67.40977444	67.47869674	66.63533835;
45.95739348	54.44736842	42.10150376	39.97117794	43.66666667	43.45363409;
46.10150376	54.57518797	40.88847118	40.5726817	43.17042607	44.62280702;					
71.36090226	70.89348371	71.65413534	71.80451128	71.60150376	71.29824561;
49.70927318	56.89348371	46.70927318	44.53508772	48.56892231	49.51503759;
49.82205514	58.13533835	47.78070175	43.88972431	48.53258145	49.44486216;					
72.90601504	73.22431078	72.89223058	72.82581454	71.91729323	72.35338346;
52.88972431	59.63784461	51.15413534	48.25438596	52.40100251	52.66666667;
52.42982456	60.28696742	50.51503759	48.26942356	52.49373434	54.14035088;				
74.26441103	75.12531328	73.90350877	74.65288221	74.94110276	75.17919799;
55.30576441	61.6716792	53.93233083	52.14786967	55.18295739	55.86842105;
54.39348371	61	54.45112782	51.35213033	55.03759398	55.53884712];


